8 27 
8 28 
8 29 
8 30 
8 31 
9 1 
9 2 
9 3 
9 4 
9 5 
9 6 
9 7 
9 8 
9 9 
9 10 
9 11 
9 12 
9 13 
9 14 
9 15 
9 16 
9 17 
9 18 
9 19 
9 20 
9 21 
9 22 
9 23 
9 24 
9 25 
9 26 
9 27 
9 28 한가위(공휴일)
9 29 한가위(공휴일)
9 30 한가위(공휴일)
10 1 
10 2 
10 3 개천절(공휴일/국경일), 수업일수 1/3선
10 4 
10 5 
10 6 
10 7 
10 8 
10 9 한글날(공휴일/국경일)
10 10 
10 11 
10 12 
10 13 
10 14 
10 15 
10 16 2학기 중간고사
10 17 2학기 중간고사
10 18 2학기 중간고사
10 19 2학기 중간고사
10 20 2학기 중간고사
10 21 
10 22 
10 23 
10 24 
10 25 성ㆍ신ㆍ의 예술제
10 26 성ㆍ신ㆍ의 예술제
10 27 성ㆍ신ㆍ의 예술제
10 28 
10 29 
10 30 
10 31 
11 1 
11 2 
11 3 
11 4 
11 5 
11 6 
11 7 
11 8 
11 9 
11 10 
11 11 
11 12 
11 13 
11 14 
11 15 
11 16 
11 17 
11 18 
11 19 
11 20 
11 21 
11 22 
11 23 
11 24 
11 25 
11 26 
11 27 
11 28 
11 29 
11 30 
12 1 
12 2 
12 3 
12 4 
12 5 
12 6 
12 7 
12 8 
12 9 
12 10 
12 11 2학기 기말고사
12 12 2학기 기말고사
12 13 2학기 기말고사
12 14 2학기 기말고사
12 15 2학기 기말고사
12 16 동계방학 시작
12 17 
12 18 동계 계절학기(편입학고사1일 제외) 시작
12 19 
12 20 
12 21 
12 22 
12 23 
12 24 
12 25 성탄절(공휴일)
12 26 
12 27 
12 28 
12 29 
12 30 
12 31 
1 1 신정(공휴일)
1 2 
1 3 
1 4 
1 5 
1 6 
1 7 
1 8 
1 9 
1 10 
1 11 동계 계절학기(편입학고사1일 제외) 끝
1 12 
1 13 
1 14 
1 15 
1 16 
1 17 
1 18 
1 19 
1 20 
1 21 
1 22 
1 23 
1 24 
1 25 
1 26 
1 27 
1 28 
1 29 
1 30 
1 31 
2 1 
2 2 
2 3 
2 4 
2 5 
2 6 
2 7 
2 8 
2 9 설날(공휴일)
2 10 설날(공휴일)
2 11 설날(공휴일)
2 12 설날(대체공휴일)
2 13 
2 14 
2 15 
2 16 
2 17 
2 18 
2 19 2024학년도 1학기 등록개시일
2 20 
2 21 
2 22 제135회 학위수여식
2 23 
2 24 
2 25 
2 26 
2 27 
2 28 
2 29 동계방학 끝
3 1 
3 2 